LFP WHRS KL6 K618 WA WE WW RPWG HHRS HA HE HW FAMINC MTR WMED WFED UN CIT AX
1 1610 1 0 32 12  3.3540  2.65 2708 34 12  4.0288 16310 .7215 12  7  5.0 0 14
1 1656 0 2 30 12  1.3889  2.65 2310 30  9  8.4416 21800 .6615  7  7 11.0 1  5
1 1980 1 3 35 12  4.5455  4.04 3072 40 12  3.5807 21040 .6915 12  7  5.0 0 15
1  456 0 3 34 12  1.0965  3.25 1920 53 10  3.5417  7300 .7815  7  7  5.0 0  6
1 1568 1 2 31 14  4.5918  3.60 2000 32 12 10.0000 27300 .6215 12 14  9.5 1  7
1 2032 0 0 54 12  4.7421  4.70 1040 57 11  6.7106 19495 .6915 14  7  7.5 1 33
1 1440 0 2 37 16  8.3333  5.95 2670 37 12  3.4277 21152 .6915 14  7  5.0 0 11
1 1020 0 0 54 12  7.8431  9.98 4120 53  8  2.5485 18900 .6915  3  3  5.0 0 35
1 1458 0 2 48 12  2.1262  0.00 1995 52  4  4.2206 20405 .7515  7  7  3.0 0 24
1 1600 0 2 39 12  4.6875  4.15 2100 43 12  5.7143 20425 .6915  7  7  5.0 0 21
1 1969 0 1 33 12  4.0630  4.30 2450 34 12  9.7959 32300 .5815 12  3  5.0 0 15
1 1960 0 1 42 11  4.5918  4.58 2375 47 14  8.0000 28700 .6215 14  7  5.0 0 14
1  240 1 2 30 12  2.0833  0.00 2830 33 16  5.3004 15500 .7215 16 16  5.0 0  0
1  997 0 2 43 12  2.2668  3.50 3317 46 12  4.3413 16860 .7215 10 10  7.5 1 14
1 1848 0 1 43 10  3.6797  3.38 2024 45 17 10.8700 31431 .5815  7  7  7.5 1  6
1 1224 0 3 35 11  1.3472  0.00 1694 38 12  9.1499 19180 .7215 16 10  7.5 1  9
1 1400 0 2 43 12  3.2143  4.00 2156 45 12  6.1224 18600 .6915 10  7  7.5 1 20
1  640 0 5 39 12  5.1750  2.25 2250 40 12  6.1498 19151 .7215 12 12  7.5 1  6
1 2000 0 0 45 12  2.0000  2.30 2024 51 11  6.9170 18100 .6915  7  7  5.0 1 23
1 1324 0 4 35 12  7.5529  3.94 2123 40 10  4.7103 20300 .6915 12  7  5.0 0  9
1 2215 0 2 42 16  3.5052  3.30 4160 48 16  3.1310 30419 .6215 10 16  7.5 0  5
1 1680 0 0 30 12  3.5714  3.80 2000 35 12  4.0000 14090 .7215 12 10  3.0 0 11
1 1600 0 0 48 13  3.2500  3.26 2420 52 17  7.2227 22679 .6615  7  3  5.0 1 18
1  800 0 0 45 12  3.2500  2.20 1150 53 17  7.9652 12160 .7215  7  7 11.0 0 15
1 1955 1 1 31 12  2.1545  2.30 2024 31 12  4.0884 12487 .7515 12  7  5.0 1  4
1  660 0 2 43 17  3.7879  0.00 1904 43 17 14.1810 29850 .5815 16 14  9.5 1 21
1  525 0 0 59 12  4.0000  3.18 2448 53 16  6.5359 18100 .6915  3  7  9.5 1 31
1 1904 0 3 32 12  4.7269  6.07 2000 33 13  8.5000 26000 .6615  3  7 11.0 1  9
1 1516 1 0 31 17  7.2559  6.00 2390 30 17  6.2762 26100 .6215 12 12  5.0 0  7
1  346 0 0 42 12  5.8671  6.39 1920 47 10  5.2083 17730 .7215 12 12  9.5 0  7
1 1040 0 0 50 11  1.5385  0.00 1840 53 10  2.7821  6719 .7515  7  7  7.5 1 32
1  732 0 0 59 16  2.4590  2.50 3360 57 17  4.9107 18550 .6915  3  3 14.0 1 11
1 1880 0 2 36 13  5.8511  5.20 2284 35 13  5.8669 24600 .6615 12 10  7.5 0 16
1 1680 0 1 51 12  3.5714  3.29 1875 50  8  7.5200 23100 .6915  7 14  5.0 1 14
1 2081 0 3 45 16  3.8068  4.19 2140 47 17  7.5449 24656 .6615 12 12  5.0 1 27
1  690 0 1 42 11  2.4638  0.00 1896 44  8  5.5380 15897 .7515 10  3  7.5 0  0
1 4210 0 0 46 12  2.3753  4.63 1040 49 16  6.9231 20320 .6915  3  3 11.0 1 17
1 2205 0 1 46 10  4.5351  4.55 2200 52 12  5.0000 21384 .6615 10  3 11.0 0 28
1 1952 0 0 51 14  5.6183  5.60 1952 58 12  7.3064 25561 .6215  7  7 14.0 0 24
1 1302 0 0 30 17 14.6310  9.53 1560 30 17 11.2180 36550 .5800 14 17  5.0 1 11
1  112 1 2 30 12  2.6786  0.00 4030 33 16  3.8462 15810 .7215 12 12  3.0 0  1
1  893 0 0 57 12  3.9194  3.50 2570 58 12  5.8366 25500 .6215  9  9  7.5 1 14
1  583 1 2 31 16  2.5729  9.98 1530 34 16 13.7250 24000 .6615 14 16  9.5 1  6
1  480 0 2 48 12  4.5375  4.65 3149 48  8  6.3493 22172 .6615  3  3  5.0 0 10
1 1900 0 3 30 12  2.0000  2.23 2690 32 12  5.2528 17930 .7215 12  7  5.0 0  6
1  576 0 2 34 12  3.4722  3.84 3096 33 12  1.3075  7000 .7815 12  7  3.0 0  4
1 2056 0 2 48 16  2.0161  0.00 2552 53 16  2.7998 25300 .7215 14 16  5.0 1 10
1 1984 0 0 45 12  4.5716  4.82 2040 47 11  2.6961 16212 .7215 10 10 11.0 0 22
1 2640 0 0 51 12  2.2727  0.00 2180 50 13  7.5688 22650 .6615  7  7  3.0 0 16
1  240 0 2 30 12  2.6375  0.00 1864 37 12  3.4077  6985 .7815 12  7 14.0 0  6
1 1173 0 1 46 12  2.2899  2.50 2068 46 12  6.5401 30000 .6915  7  7 11.0 1 12
1 3640 0 0 58 12  1.0989  0.00 2010 58 12  7.2139 18500 .6915  7  3  9.5 1 32
1  340 0 8 37 12  1.1765  0.00 2152 40 10  6.2732 16658 .7515 12  7  5.0 0 15
1  500 0 0 52  8  1.6000  0.00 1496 54 11  5.8824 10300 .7515  7  7  5.0 1 17
1 1599 0 0 52 10  1.8762  2.80 2100 47  4  3.8095 11000 .7515  7  3  7.5 0 34
1 1830 0 0 31 16  4.0437  4.20 1960 35 14  6.3776 19900 .6915 12 12  7.5 1  9
1 1920 0 0 55 14  9.6354  8.75 1985 55 15  6.0453 32500 .6400  7  7 14.0 1 37
1 2052 0 0 34 17  8.0409  8.25 2020 33 17  8.8119 37300 .5800 17 17  7.5 1 10
1 2312 0 0 55 14  4.5990  5.58 2178 56 16  8.8765 30018 .5815 17  7 11.0 1 35
1  196 0 2 39 12  2.1429  2.50 3684 39 12  3.3420 12807 .7515 12  7 14.0 1  6
1 2500 0 3 40 14  4.4000  5.50 5010 42 13  3.1836 39500 .5515 14  3  7.5 0 19
1 1980 0 4 43 12  3.5354  3.75 1880 47 12  6.9149 22050 .6915 12 12  9.5 1 10
1 1840 0 0 48  8  2.7174  4.80 1904 56  8  5.5147 15500 .7215  7  7 14.0 1 11
1  320 0 0 47 12  6.2500  6.25 2083 47 12  5.2808 13810 .7215  7  7  9.5 1 15
1  419 0 4 41 12 11.9330  6.30 2125 44 12  3.2000 11950 .7515  7  7  5.0 1 12
1 1880 0 0 36  8  3.5931  3.75 1985 37 12  5.8791 19175 .6915 12 12  7.5 0 12
1   72 0 2 46 17  6.9444  0.00 2640 48 17  6.2500 17900 .6915 12 16  7.5 0 14
1  120 0 0 34 12  2.9167  0.00 2070 51  8  7.4879 15850 .7215 12  7  5.0 1 11
1 1885 0 3 41 12  3.0769  2.90 2107 48  8  6.9767 27017 .6915  7  7  5.0 1  9
1  240 0 1 51 12  3.7500  0.00 2250 54 10  8.0000 18900 .6915 12  7  5.0 0 24
1 1729 0 0 33 12  5.7259  4.76 2880 34 16  4.1319 21800 .6915 12 12  7.5 1 12
1 1850 0 0 52 12  3.6757  3.40 1848 53 12 14.4760 33552 .5515 10 10  7.5 1 13
1 2033 0 0 58  9  5.1648  4.32 1927 53  7  5.7343 22650 .6615  7  9  7.5 1 29
1  608 2 4 34 10  8.2237  3.00 1304 38  9  3.3742 15200 .7915  0  0  7.5 1 11
1 1153 0 1 31 12  4.3365  4.52 3000 35 12  1.8333 13120 .7215  7 10  7.5 1 13
1 2208 0 1 48 12  4.9819  5.31 1892 52 12  5.6025 21660 .6615 12 14  5.0 1 19
1  252 0 2 32 12  0.3571  0.00 3644 32 12  4.2975 18190 .7215  7  7  3.0 0  2
1  337 0 0 49 17  2.9674  0.00 1430 47 17  3.9161  9600 .7515  3  3 14.0 1 24
1   90 2 2 32 15  1.0000  0.00 2350 31 14  4.8787 13755 .7515 10 12  7.5 1  9
1 1174 0 0 58 12  2.5554  4.87 1948 59 16  9.2402 35350 .6615  7 12  7.5 1  6
1  372 0 0 50  6  0.8602  2.25 1804 42 12  6.6519 12405 .7215 12  7  7.5 1 22
1   30 0 0 60 14  1.0000  0.00 2326 51 12  4.6217 12180 .7515 12 17  9.5 0 30
1 1800 0 1 50 12  2.9261  0.00 1739 55 11  9.9741 22962 .6615  7  3  7.5 1 10
1  282 0 0 56 14  3.5461  2.50 1176 57 17 20.9180 25700 .6215  7  7  9.5 1  6
1  720 0 0 51  9  1.6264  2.20 1100 55  8  1.9400  3305 .7915  7  7  3.0 0 29
1 1440 0 1 54 17  8.3333  6.00 1528 58 17  8.8351 32950 .5815  7 12  5.0 1 29
1 2100 0 0 59 13  3.0952  2.95 2250 52 15  4.6667 17000 .6915  7  7  5.0 1 36
1 1000 0 2 46  9  2.7000  2.35 1927 47 10  5.1894 13250 .7515  7  7  5.0 1 19
1  952 0 1 46 15  5.2521  0.00 2414 47 16 18.7240 50750 .4415  7 12  5.0 1  8
1 1413 1 3 39 12  1.4154  2.20  768 49  8 10.4170 15632 .7715 10 10 14.0 0 13
1 2100 0 2 44 12  4.7986  4.85 1984 43 14  8.8458 28316 .6215  7  0 11.0 1 16
1  120 2 0 33 12  1.6667  2.37 2246 36 12  7.5690 17290 .7215 12 12  9.5 1 11
1 3000 1 2 33 12  1.1217  0.00 3024 30 17  4.4507 33600 .6215 10 10  7.5 1 15
1 1000 0 2 48 12  0.5000  0.00 2921 52 12  9.3204 29200 .6215 12  7  9.0 1  6
1  336 0 4 31 12  0.7143  0.00 2045 37 17  9.1687 19870 .6915  7  7 11.0 0 13
1 1216 0 1 45 12  2.7961  2.90 1928 44 12  6.4834 16225 .7215  7  7 11.0 0 22
1  988 0 1 45 12  4.8583  4.50 1920 44 10  7.8125 28600 .6915  7  3  5.0 1 24
1 2581 0 2 32 13  1.7435  2.60 2280 37 17 11.4040 30800 .5815 14 12  7.5 1  2
1 2030 0 0 47 12  2.4631  2.80 2300 47 17  5.0870 25700 .6915  7  7  3.0 0  6
1  413 0 2 34 13  2.4213  3.00 2480 35 13  6.9758 27000 .6215 12 12  3.0 0  2
1  782 0 1 37 12  1.5345  2.30 1135 34 10  5.2863 12077 .7715 12  7  9.5 1  2
1 1388 0 1 36 12  2.8818  1.87 1384 39 12 11.5620 29612 .6615  7  7 11.0 0 14
1 1450 1 2 47 12  2.4069  3.00 1848 50 14  8.6061 24479 .6915  7 10  9.5 1  9
1 1720 0 1 48 16  5.2326  4.68 2499 46 17 12.8050 79750 .4415 14 14  7.5 1 11
1  800 0 2 42 12  3.7500  2.50 2390 43 12  6.6946 20050 .6915 12  7 11.0 0  9
1  360 0 3 33 13  1.3889  0.00 2400 44 14  8.3333 21500 .6915 10 12 11.0 1  6
1 2000 0 0 46 11  4.0000  4.61 1920 53  8  4.1667 16120 .6915  7  7  5.0 0 19
1 1176 0 3 47 12  3.2313  3.35 2301 48 13  5.4759 24686 .7215  7  7  9.5 0 26
1 2058 0 1 44 12  3.4014  3.80 1944 43 10  5.1440 24669 .6915  7 10  9.5 1 19
1  900 0 4 36 12  1.3333  2.20 2100 37 17 11.6670 26400 .6615  7  7  7.5 1  3
1  215 2 0 31 17  9.3023  9.98 1920 32 16  7.2917 16245 .7215 12 12  7.5 1  7
1 2000 0 0 55 14  4.5000  4.37 2880 55 14  4.8611 23300 .6615  7  7  9.5 1 28
1  757 0 1 45 16  4.6235  4.50 1932 48 16 12.1640 27200 .6215 12  7  9.5 1 13
1 1264 0 0 47 17  3.9557  0.00 3234 48 17 10.8230 51000 .4615 10 17  9.5 1  9
1 2064 0 3 46 12  5.8140  6.00 2805 47 12 12.4780 55000 .4615 10  7 14.0 1 15
1 1280 0 0 49 11  0.5000  0.00 2272 52  9  6.1620 15389 .7215  7  7  7.5 1 20
1 1715 0 0 49 12  4.0816  3.75 2227 52 14  7.1846 23150 .6615  7  7  9.5 1 29
1 2000 0 2 45 12  6.0000  4.95 1720 49  6  7.0930 29774 .6215  7 10 14.0 1  9
1   12 1 3 38 17  3.6667  0.00 2300 38 13 17.8260 91044 .4415 12 10 14.0 1  1
1 1528 0 0 47 10  3.8613  2.95 3410 50 12  6.3930 28200 .5815  7 12 14.0 1  8
1  561 0 3 54 13  2.7629  2.53 2304 57 16 11.7190 36150 .5515  7  7  9.5 1 19
1 2058 0 0 41 11  2.9310  2.90 1984 42 12  4.7883 15652 .7215 12 12  7.5 0 23
1 1823 0 2 43 12  4.3884  4.20 1890 33 14  4.2328 18900 .7515 14  7 11.0 0  3
1 1680 1 1 31 16  5.4167  4.70 1970 32 12  7.1066 23600 .6615 12 10  7.5 0 13
1 1440 0 0 47 17  9.8611  7.10 2400 46 12  8.3333 36200 .6100  7  7  7.5 1  8
1 4950 0 2 35 12   .1616  2.75 2504 37 12  6.9888 18700 .6915 10 10  7.5 0 17
1 1176 0 3 45 16   .3826  3.75 2398 48 17  9.5913 24125 .6615  7  7 11.0 1  4
1 1100 1 0 33 12  3.6364  3.58 1960 39 12  6.0204 15800 .7215  7  7  7.5 0 15
1 1516 0 1 54 16  2.3747  2.40 2550 55 12  2.9686 19742 .7215 12  7  3.0 0 11
1  900 0 4 35  8  4.6667  3.95 2500 41 12  7.0000 22600 .6915 10  7  9.5 0  7
1 1080 1 2 31 12  1.8519  2.25 2164 37 10  7.1627 17500 .7215  7  7  7.5 0  0
1  480 0 0 55 12  5.2000  0.00 2640 60 12  4.7364 19820 .6915  7  7  7.5 0  0
1  288 0 2 34 12  3.2986  4.62 1936 36 12  8.7810 20155 .6915 12 16 11.0 1 10
1 1875 0 1 38 13  8.5333  8.50 2136 41 12  9.8315 37300 .5800 10 12  7.5 1  8
1  630 0 1 45 11  2.0635  0.00 1955 51 10  6.6496 24860 .7215  7  7  7.5 1  2
1  234 0 1 47 12  2.5641  2.50 1980 48 10  9.8485 21450 .6615 12  3  7.5 1  4
1 1600 0 2 39 12  2.1875  0.00 2550 42 11  9.8039 29650 .6215  7  7  5.0 1  6
1  960 1 0 36 14  6.2500  0.00 2058 37 13  8.2604 23000 .6615  7  7 11.0 1 18
1  120 1 2 33 12  3.3333  0.00 2263 32 14  9.0676 21120 .6915  7  7  9.0 1  3
1 2025 0 0 50 12  4.4444  4.80 1763 54 13  8.5082 26000 .6215  7 12  5.0 1 22
1 1809 0 0 58 12  6.6335  6.45 2096 59 14  7.1565 28000 .6215  3  7  7.5 1 33
1 3087 0 0 49 17  8.4224  9.98 2059 47 13  7.0423 45500 .5200 12 12 11.0 1 28
1  910 0 2 41 14  4.3956  0.00 1820 40 17  6.5934 16000 .7215 16 12 14.0 1 23
1 1840 0 1 51 12  2.4457  2.50 2832 53  8  4.3457 18232 .6915  7 14 11.0 0 27
1  784 0 0 53  9  1.2245  2.25 1990 60 10  7.2362 28160 .7215  3  7 14.0 1 11
1  400 1 2 36 12  1.6250  0.00 2000 40  7  1.7400  5965 .8015 12  7 11.0 1  6
1 1000 0 2 46 12  3.0000  5.50 1885 46 12  6.8966 19000 .7215  7  7  9.5 1 11
1 1904 0 2 36 12  4.7269  4.20 2860 37 12  5.0455 36872 .5515 12 12 11.0 1 14
1 1771 0 1 53 14  1.1293  9.98 1913 48 16 17.2500 42000 .4915 12 12 14.0 1 17
1 1486 0 3 40 16  7.4024  6.25 1800 54 16  8.3333 26900 .6215 16 14 11.0 1 17
1  740 0 2 42 17  4.4595  1.65 2880 45 16  9.3750 30800 .5815 12 10  9.0 0 14
1 1820 1 1 33 15  2.4725  0.00 1993 32 16  8.2790 21520 .6915 12 12 11.0 1 11
1 1275 0 3 43 12  1.8824  3.00 2250 47 14  4.5000 24795 .6915  7  7  7.5 1  7
1  450 1 0 31 16  4.0000  4.00 2286 30 16  4.1995 12900 .7215 14 16 14.0 1  8
1 1221 0 0 47 17  8.1900  5.99 1880 47 16 16.0640 42700 .4915  7  7  7.5 1  6
1 1550 0 0 54 17  7.0968  6.00 2350 58 17 11.2770 38800 .5215 10 17 11.0 1  8
1  180 1 3 33 12  1.6667  0.00 3640 33 11  0.5494  2500 .9415  7  3  3.0 0  4
1 2090 0 0 43 16  3.4450  3.85 1770 47 14  9.5480 26921 .6215 14 10 11.0 1 25
1 1960 0 1 46 13  4.2347  4.20 1875 49 13  5.3333 18300 .6915  7  9  3.0 0 24
1 1440 0 3 35 12  2.7778  4.10 2200 38  9  5.4545 17200 .7215  7  7 14.0 1 11
1  794 0 3 37 11  1.8892  3.85 2033 39 12  5.9026 14209 .7515 12  3  9.5 1 19
1  993 0 2 37 16  5.0352  8.30 2739 39 17  9.8576 32300 .5815 12 16 14.0 1  9
1  160 0 3 34 14  1.2500  0.00 1626 38 14 11.6850 21400 .7215 17 12  7.5 1 19
1  105 1 0 43 16  2.8571  0.00 2248 44 17  6.2278 14700 .7215  7  7  9.5 0 14
1 1200 0 0 46 12  4.1167  4.33 2140 48 12  9.1748 25516 .6215  7  7  9.5 1 22
1  450 0 3 35  9  1.7778  2.60 1985 42 12  6.2972 13300 .7515  3  7  5.0 1  6
1  996 0 0 46 17 13.5540  9.98 1528 59 17 10.4710 31000 .5815 12 12  9.5 1 23
1 1052 0 0 46 14  4.5627  4.90 1920 48 16 14.5830 48800 .4915  7  3 11.0 1 15
1 1128 0 2 43 12  2.1277  2.40 1918 46 10  6.2143 15519 .7215  7  7 14.0 1  6
1 1840 0 0 30 12  2.9891  3.75 2112 30 12  6.6288 19500 .6915  7  7  7.5 0 11
1 1910 0 2 41 11  2.5654  2.57 2144 46  9  3.8246 14545 .7215  3  7  5.0 0  2
1  980 0 1 54 12  5.6122  5.00 1920 54 15  7.8125 22897 .6915  7  7 14.0 1 22
1 2317 0 1 31 12  2.8054  3.87 2241 41  9  3.4806 14300 .7215 10 10  7.5 1 10
1 1089 0 0 44 10  1.6070  0.00  880 47 11  5.5500 14884 .7515 10 10  9.5 1 14
1  800 0 1 32 12  2.2500  0.00 2070 31 16 11.5940 27400 .6215 12  7 11.0 1 12
1 1230 0 0 47  5  2.0325  2.82 1050 53  5  9.5238 16400 .7215  7 12 14.0 1  9
1 1158 0 1 46 17  5.5320  8.10 2635 57 17  7.2805 25704 .6215 14 17  7.5 0 13
1 2272 0 0 37 11  1.5845  3.71 3000 47  8  3.0000 12800 .7215 10 10  7.5 0 18
1  528 0 2 51 12  3.7879  0.00 2500 50 11 10.4000 40000 .6215  7  7  7.5 0  8
1 1000 0 1 49 12  3.0000  0.00 1990 49 12 10.0500 47000 .6615  7  7 14.0 1 11
1  520 0 4 36 14  8.6538  0.00 2390 37 13  8.7866 25872 .6615 10 12  9.5 1  9
1  760 0 1 39 11  4.2105  3.95 1430 44 12 10.1400 26868 .6915 12  7  9.5 1  9
1 1920 0 2 48 12  4.6875  4.30 1800 50  8  5.0000 18000 .6915 12 12  9.5 1 14
1 1220 0 2 38 14  4.0984  4.84 2103 43 17 11.8880 30200 .5815  7  7  5.0 1  9
1  200 0 2 40 12 25.0000  3.00 1350 42 12 13.3330 26220 .6615  7  7  7.5 1  2
1 2480 1 5 39 10  2.6331  4.20 2880 36 17  8.6806 40500 .5815  7  7  3.0 0 12
1 2750 0 0 37 16  6.0000  9.00 2400 43 17  7.2917 33570 .6100 12  7  7.5 1 15
1 2014 0 1 49 13  5.4126  4.05 1135 47 12  3.5242 16917 .7215  7 14 14.0 1 11
1 1355 0 3 33 12  0.6642  1.00 2750 35 17  6.1818 18000 .7215 12  7  9.5 0  7
1   80 0 0 30 12  1.2500  0.00 2085 32 16  2.9755  8337 .7515 12 12 11.0 1  9
1 1670 0 0 54 12  2.2754  2.10 2600 56  8  4.5769 17100 .7215 12  7  9.5 0 19
1  520 0 4 39 11  3.4615  3.05 3542 40 12  3.1056 17800 .7515 10  7 11.0 0 11
1  288 0 3 43 12  4.1667  3.00 1975 43 12  5.8228 13740 .7515 12 12 14.0 1  8
1 2014 0 3 31  9  4.4687  4.26 2400 32 12  7.5000 27000 .6215 10  3  9.5 1 13
1  800 0 3 33 13  1.7500  0.00 3000 37 14  8.3333 32600 .6215 12  7  7.5 1  4
1 1984 0 3 40 12  3.6694  4.25 1960 39 14  9.2347 28030 .6615 12 12 14.0 1  7
1 1823 0 1 36 12  6.5826  6.00 2000 39  9  5.5000 23100 .6615 12 12  3.0 0 19
1 1500 0 0 51 12  2.6000  2.00 3000 51 12  6.0000 24580 .6615  7  7  9.5 1 14
1 2261 0 1 44 13  4.8651  5.50 2400 43 12  6.6667 29000 .6215 12  7  9.5 1 14
1 1728 0 3 42 16  5.7870  6.25 2450 48 14 13.0610 42430 .5215 12 14  9.5 1  3
1 1960 0 1 40 12  4.5408  5.00 2423 40  8 12.7940 41800 .5215 12 12  7.5 1  9
1 1578 1 1 34 16  9.5057  7.72 2000 33 16 12.0000 39100 .5800 12 17  9.5 1  7
1 1316 0 0 30 17 10.6380  7.00 2526 41 16  6.7300 31800 .5815 16 17 11.0 1  7
1 1530 0 0 54 12  1.1111  1.13 2695 53 12  6.6790 22200 .6915  7  7 14.0 0 14
1 2220 0 0 51 12  4.0541  4.37 2048 54 12  4.3945 19500 .6915 16  7  3.0 0 29
1 1336 0 2 44  9  2.6871  2.64 1920 46 11  4.6875 14027 .7515  7 10 11.0 0 19
1 1008 0 1 43 12  2.9762  2.50 2338 42  9  7.6989 21195 .6615  7  7 11.0 1 14
1 1944 0 1 34 12  3.1728  3.23 2945 37  8  4.3287 19013 .6915 10  7  7.5 0 16
1 2000 0 0 45 13  3.5500  3.45 2047 52 12  6.7416 20900 .6615 12  7 11.0 1 10
1  258 0 0 39 12 17.9070  0.00 1668 47  7  9.3525 26820 .6215 10  3 11.0 0 12
1 1785 0 0 50 12  3.4174  5.75  175 48 10  9.1429 12800 .7515  0  0 14.0 1 24
1  480 0 0 52 12  3.3333  0.00 1798 53 12  2.6418  7850 .7515  7  7 14.0 0  6
1  772 0 2 41 12  3.8860  7.50 1222 45 12  7.3650 18600 .7215 12 12  7.5 1  9
1  900 0 0 59 10  2.3111  2.22 1820 59  7  1.4066  5380 .7715 12  7  5.0 0 14
1 1428 0 0 52 12  1.7108  2.50 1560 60  8  1.5192  6114 .7715 10  7 14.0 0 26
1  210 0 0 46 16  2.1143  4.00 2210 49 12  3.3439  8234 .7515 12 12 14.0 0  7
1  239 1 5 41 12  9.9331  4.50 2874 48 16  2.9106 20646 .7215  3  7 11.0 1  4
1 1878 0 2 33 11  3.0277  3.50 2499 35  8  4.3834 16640 .7215  7  7  9.5 0 15
1  215 0 0 45 12  1.8605  2.30 3088 38 12  4.2098 13900 .7215 12 12  5.0 1 23
1 2340 1 2 36 10  0.1282  0.00 2020 37  8  3.7129 11500 .7815 10  7  7.5 0  1
1 1960 0 1 48 12  6.6327  6.30 1980 56 10 10.6060 34000 .5515  7  7 14.0 1 29
1  532 0 1 47 12  5.6391  3.60 1968 47 11  8.6382 28700 .6615  7  3 11.0 1  9
1  394 0 0 45 12  1.5990  2.50 2100 45 12  3.8367  9563 .7515  7  7  7.5 0  6
1  675 0 2 37 12  2.6667  3.00 2651 48 17  7.1671 20960 .6915  7  7  7.5 0 11
1 1515 0 4 46 16  7.9208  6.80 1918 49 14  8.8634 38590 .6215 12 10 14.0 1 17
1 1030 0 3 43 17  5.3398  5.80 2585 46 16  7.7369 27900 .6615 12 12  5.0 1  6
1 1250 0 2 42 12  4.0000  4.00 2250 46 17  9.1702 25633 .6215  7  7  7.5 1  7
1 1158 1 2 34 17  6.0449  5.10 2480 39 17 11.2900 35200 .5515 12 12  7.5 1  2
1  112 0 0 52 12  6.2500  0.00 2924 53 12  6.3269 29500 .5815  7  7  7.5 1 24
1  336 0 3 37 12  2.9762  2.20 1896 52  9  4.7468 10000 .7515 10  7  7.5 0  4
1 1984 0 1 37 12  4.2339  4.78 2332 40 12  4.8885 19800 .6915 10  7  5.0 0 11
1  716 0 0 52  8  3.4916  2.20 3482 59  7  2.4842 12900 .7215  7  7  5.0 0 25
1 1410 1 0 30 12  4.9645  1.28 2106 30 14  8.5470 26080 .6215 12 12  7.5 0 11
1 1300 0 1 31 13  2.7692  0.00 1160 32 12  6.6379 13066 .7515 17  7 11.0 1  2
1 1640 0 1 38 12  3.6585  3.25 2040 46 12  3.1863 12500 .7215  7  7  7.5 0 19
1 1202 0 3 43 12  5.3935  0.00 2856 48 16  4.5466 35600 .5815  7  7  9.0 1  7
1  489 0 1 49  8  0.6564  2.29  950 51  8 12.7890 19424 .7515  7  7  5.0 1  2
1 2076 0 0 55 12  4.7688  4.68 2068 58 10  6.5280 26250 .6615  7  7  5.0 1 20
1  526 0 2 38 17  8.5551  4.20 1896 42 17 16.4030 36525 .5515 12 14  9.5 1 10
1 1721 0 0 52 17 10.4590  9.50 2000 56 16  7.0000 34700 .6100 14 17 14.0 1 19
1 1327 0 0 48 12  2.6375  2.57  288 51 11 13.5420  8311 .7515  7  7 11.0 1 17
1  584 0 2 32 13  6.8493  4.32 2160 33 12  6.7130 28626 .6915 12 10 11.0 1 12
1 1376 0 1 32 12  5.0872  5.00 3120 33 17  5.4487 24400 .6615  7  7  5.0 1 11
1 1040 0 2 38 12  0.9615  0.00 1944 41 17  6.6872 14025 .7215  7  7  7.5 1  6
1  548 0 3 46 12  4.3066  3.69 2046 47 12  9.0943 21367 .6915 16 12 14.0 1 10
1   15 0 3 40 12  7.0667  0.00 2005 42  9  6.5337 14136 .7515  7  7  7.5 0  4
1 1980 0 4 31  9  2.5253  2.56 2070 36 10  4.6860 19900 .7515 10  7  5.0 1  2
1 1520 0 1 43 10  7.8947  5.00 3000 50 12  8.0000 37000 .5215 12  9  9.5 1 13
1 1880 0 0 51 12  4.1489  3.90 2640 51 12  4.0530 18500 .6915  7  7  7.5 0 21
1 1260 1 0 30 16  8.1746  8.17 2450 34 17  8.1633 34550 .5515 16 14  5.0 1  9
1 1092 0 0 52 13  9.5971  0.00 1000 53 15 16.5000 49620 .4615 10  7 11.0 1  4
1 1587 1 5 30  8  2.0164  2.30 2080 33  8  3.4615 10400 .7815  3  3  7.5 0  2
1  156 0 0 51 16  7.6218  0.00 2413 51 16 11.3610 33000 .5515 16 16 11.0 1 19
1 1939 0 2 31 13  3.1975  3.43 2570 31 12  3.8911 16200 .7215  7  3  7.5 1  4
1 1250 0 4 34 12  1.6000  1.36 2030 52 12  9.6059 22660 .6915 12 16  7.5 1  9
1  610 0 0 49 11  4.0984  4.00 4684 59 17  2.6687 16000 .7215  7  7  7.5 1 14
1  270 1 3 35 13  1.4815  5.00 2802 41 17  8.8865 25780 .6615  7 16  9.5 1  6
1  660 1 0 53 12  3.6364  3.15 2090 59 12  6.3636 20675 .7215  7 12  7.5 1 24
1 1000 0 3 32 12  1.0000  0.00 2053 46 16 17.7280 40213 .5515 12  7 11.0 0  1
1 1920 0 3 38 10  2.6042  2.93 1984 42 10  5.2923 15500 .7215 12  7  7.5 1 13
1  200 0 0 54 12  1.7500  0.00 2040 54 16 15.6860 35207 .5815  7 12  9.5 1  3
1 1500 0 1 47 17  4.8000  3.60 2794 58  8  5.2423 35702 .5515 10 12 11.0 1 10
1  868 0 1 45 15  5.5300  6.00 3290 47 14  3.0395 17800 .7215 14 12  9.5 1 16
1 2318 0 1 47 16  4.0984  4.20 1911 46 16 16.7450 50900 .4915 16 16  5.0 1  9
1 2000 0 0 59 10  1.2500  0.00 2000 60 12  3.7500 17280 .6915  7  7  5.0 0 19
1   60 0 1 32 11  1.6667  0.00 2580 31 12  5.8140 15150 .7215 10  9  5.0 1  4
1 1715 0 1 45 12  3.7901  3.38 2400 49 17 10.8330 36200 .5815  7  7  7.5 1 10
1  550 0 4 40 12  2.3636  2.26 1740 47 12  9.0029 17465 .7215 14 12  5.0 1  5
1 1960 0 2 47 14 10.2040  0.00 2500 50 12  6.5400 45205 .6100 14 12  3.0 1  7
1   44 1 2 36 16  6.8182  1.36 1840 37 17  5.9783 14500 .7515 12 10  5.0 0  3
1 1920 0 0 56 14  7.2146  6.92 2036 56 14  8.6248 32011 .5815  7  7  7.5 0 38
1 2540 0 1 41  8  2.4484  0.00 3536 43 11  4.8329 35200 .6215  7 12  9.5 0 16
1  156 0 3 48  7  1.1987  0.00  880 51 11 10.9090 13579 .7515  3  7 11.0 0 13
1  780 1 2 36 12  1.6410  0.00 2007 38 12  3.8864 10455 .7515  7  7 11.0 0  1
1 3120 0 0 41 12  1.7821  0.00 2632 44 13  8.4574 32600 .5515  7  3  5.0 0  7
1 2040 0 0 41 14  2.9412  2.80 2600 43 12  5.0000 19150 .6915  7 10 11.0 1 15
1 1610 0 3 36 12  4.9689  4.25 2156 36 13  7.4212 24400 .6615 12 17  9.5 1 10
1  215 0 3 37 12  1.8605  0.00 3625 41 12  4.4938 21700 .6915 10  7  3.0 0  2
1 1120 0 0 38 12  8.0357  0.00 2420 42 12  7.0252 26201 .6215  7  3  9.5 1 19
1  846 0 2 43 14  3.9716  4.20 2080 43  9  3.2788 11920 .7515  3  3  7.5 1 25
1 3225 0 0 54 16  3.0416  0.00 3443 59 17  1.2861 16300 .7215 12 12  9.5 1 25
1 1376 0 1 38 12  2.9070  3.75 2250 41 12  5.5556 16500 .7215  7  7  5.0 1  7
1  980 1 0 30 12  3.0612  3.60 2535 34 16  7.4951 30000 .5815 12  7 11.0 1 15
1 1838 0 0 49 12  4.8966  5.00 2352 48 15 22.1090 62500 .4415  7  7  9.5 1 11
1 1494 0 1 45 13  4.0161  2.50 3036 49  6  9.0580 58500 .4415 10 10  9.5 1 25
1  450 0 0 51 13  5.5556  3.50 2600 57 14 11.5380 40900 .5215  7  7  9.5 1 19
1 1976 0 0 34 10  1.2227  2.45 2223 39  7  6.0468 16308 .6915  0 10  7.5 1  4
1 2012 0 2 34 12  2.6839  3.61 2666 34 10  1.3653  9300 .7515  7  7  7.5 1 14
1  561 0 1 41 12  2.6738  3.25 2006 41 17 16.5500 35700 .5515 10  9  7.5 1 19
1 1715 0 1 49 12  9.3294  7.05 1710 49 17  8.7719 35700 .6400  9  9 11.0 1 18
1 1912 0 0 32 12  3.1381  3.60 1920 46 14  9.6354 24500 .6615 12 12  5.0 1 14
1 3686 0 0 32 14  0.5426  0.00 1647 39 14  6.6788 13000 .7215 12 12  7.5 1 11
1 1080 0 2 32 17  8.6111  4.65 3080 35 15  7.5727 52600 .4415 12 12  5.0 0  4
1 1799 0 0 47 10  3.6687  3.25 1920 48 10  7.8125 25360 .6615  3  7  7.5 1 29
1 1984 0 1 39  9  2.3185  2.30 2420 47  4  1.9835  9400 .7515  9  9  7.5 0 21
1 1839 0 0 49 12  2.8820  3.27 2205 53 15  9.5238 26800 .6215 12 12 11.0 1 24
1 1579 0 3 37 12  3.1666  0.00 3035 39 14  6.4250 33040 .6615 12  7  7.5 1 19
1   96 0 0 59 16  3.6458  0.00 2185 60 15 10.9840 26350 .6215 14 12  7.5 1 31
1 1920 0 0 50 12  6.2500  5.47 1880 56 12 12.7660 39000 .5215  7  7 14.0 1 28
1 1688 0 1 32 17 10.2490  9.80 1863 33 17  9.5545 35100 .6100 12 12  9.5 1 15
1 1589 0 0 46 12  3.2096  5.54 2456 48 16  5.4967 22502 .6615 12 12 11.0 0 27
1  345 0 2 43 17  7.6522  5.00 1847 46 17  9.7618 21950 .6915 12 14 14.0 0 13
1 1521 0 3 37 11  1.9724  2.30 2000 42  6  5.0000 13000 .7515  7  7  7.5 0  4
1 1490 0 2 32 16  4.6980  3.90 1856 35 14  5.9995 18180 .7215 12 14  9.0 1 10
1  989 0 1 39 11  2.1234  2.76 1880 43 14  6.9149 20957 .6915 10 10  9.0 1  8
1  600 0 2 34 13  2.3333  2.90 3020 35 12  4.9669 13700 .7215 12 12  7.5 0  4
1 2646 0 1 39 11  2.3896  0.00 2646 41  8  2.3896 20000 .6915  7  7  5.0 1 18
1 2149 0 3 45  8  1.2564  2.50 1640 48  9  4.5122 12260 .7515  7  7  5.0 1  3
1  320 0 0 50 11  1.0938  0.00 1950 54 11  9.2308 24850 .6615  3 12  7.5 1 11
1 1600 0 1 40 12  3.7500  3.30 1920 39 12 11.4580 29150 .5815 12  7  7.5 1  8
1 2419 0 1 30 10  3.3072  3.90 2025 34 12  7.6993 23591 .6615  7  7 11.0 1 10
1 2005 0 0 57 17  5.1352  5.25 2470 56 17  4.1830 24717 .6615 16 12 11.0 1 33
1 1960 0 1 39 12  6.6327  3.60 1800 43 12  8.3333 30455 .6215 12 12  9.0 1 19
1 2147 0 0 53 12  4.5645  4.90 1920 56  8  5.1042 19600 .6915 12 12  7.5 1 35
1 1207 0 1 48 17 11.8480  7.15 2039 53 17  8.2271 31875 .6400  7 12  5.0 1 21
1 2000 0 1 46 14  3.7500  3.75 2570 48 16  5.6634 24055 .6615 14 14  7.5 0  7
1 1260 0 0 47 12  4.3651  4.35 1914 54 12  5.2220 18795 .7215  7 10  7.5 0 18
1   90 0 1 43 12  3.9333  4.00 1516 47 10  7.1900 12198 .7515  7  7  7.5 0  4
1 1800 0 0 47 12  3.3333  3.25 2520 47 16 13.9070 52645 .4915 12  7  7.5 1 12
1  573 0 1 47 12  3.3159  2.20 2327 48 12  6.0163 16600 .7215 10  7 14.0 0 16
1 1825 0 0 47 12  3.5616  3.00 2188 50 12  7.6782 32590 .6215  7  7  7.5 1 14
1   75 0 0 46 12  1.6000  0.00 1864 48 12  5.3112 10020 .7515  3  7  7.5 1  3
1 1348 0 4 34  9  2.2255  2.30 2183 33 10  4.1228 12048 .7515  7  7 11.0 0  1
1 1880 0 0 48 10  4.7872  4.25 1920 55 12  7.8125 39750 .6215  7  7 11.0 0 27
1 1240 0 1 30 12  5.8065  6.90 1824 31 12  4.6053 15700 .7215 10  7  7.5 1 12
1  848 0 1 51 12  2.3585  2.30 2878 54 12  3.9746 24250 .6615  7  7  3.0 0  6
1  150 0 5 52 12  2.0000  0.00 2390 54 16 15.0630 43210 .5215  7 12 14.0 1  9
1 2000 0 2 37 12  1.9000  1.85 3120 39 13  4.5064 37100 .6215 12 12  5.0 0  2
1 1952 0 2 32 12  5.1230  3.25 2040 33 12  5.8824 23820 .6615 12  7  5.0 0  6
1 1456 0 2 36 17  5.4945  6.04 2151 35 15 10.2280 31600 .5815 12 14  5.0 1  9
1 1740 0 2 35 12  6.3218  5.50 1976 37 14  6.5789 24000 .6615 10 10  7.5 1 16
1 1400 0 0 45 17  7.1429  7.14 2286 51 16  8.8145 30750 .5815 14 12  5.0 0 22
1 2000 0 0 56 12  2.3750  2.70 2032 60 10  2.9528 11050 .7515  7  7 14.0 0 26
1 1750 0 2 40 10  2.5429  2.74 1680 45  4  4.5173 12239 .7515  7  7 14.0 0 11
1 1101 1 2 45 12  2.1798  2.30 1560 49 14  5.1282 12870 .7515 14 12  7.5 1 11
1 2000 0 2 32 12  2.6000  2.50 2895 30 12  4.1451 17200 .7215 10  7  7.5 0 15
1 1877 0 0 45 12  3.7294  3.60 1820 50  8  8.7912 23980 .6615 10 10  7.5 0 13
1  160 0 2 40 12  4.3750  1.85 2450 44 12  7.3061 18600 .6915  7 12 14.0 1  6
1 1886 0 1 38 12  4.4433  4.00 1748 42  8  6.0069 23920 .6915  7 10  9.5 1 20
1 1446 0 4 49 12  4.2877  4.40 1020 45 12  8.3333 16084 .7515  7  7 14.0 1 17
1 1500 0 1 47 16  1.6667  1.50 2342 49 17 11.5290 31100 .5815 14 14 11.0 1  8
1  860 0 0 52 13  3.2558  5.83 2250 53 12  6.6667 20460 .6615  7  7 11.0 1 13
1 1848 0 1 34 13  5.4113  6.00 2880 40 16  8.6806 36000 .5515 12 12  7.5 1 15
1 1678 0 2 44 12  2.2050  2.30 2032 46 12  3.4680 17302 .7215 14 12  3.0 0 14
1  160 0 3 36 16  4.0625  0.00 3120 42 16  3.0321 16450 .7215 14  7  3.0 0 14
1  108 0 0 50 17  0.6482  0.00 1760 57 16 13.8070 41170 .5815 14 16  9.5 1  6
1 1738 0 0 45 12  5.3826  6.18 1725 47 12  6.2174 20130 .6615  0  0  7.5 1 24
1 1170 0 2 44 14  0.1709  0.00 2080 46 13  4.2308  9200 .7515 16 12  9.5 1 10
1   15 0 2 57 12 23.4670  0.00 2040 57 10 11.4700 24751 .6615  7  7 11.0 1  2
1 2088 0 0 35 17  9.5785  9.98 2940 42 17 12.2450 57300 .5000 12 17  9.5 1  9
1 2490 0 0 46 12  3.6948  3.77 2280 52 12  9.2105 37200 .5815  7  7  7.5 1 23
1  135 2 1 30 14  2.2222  0.00 2164 35 16  6.3309 14000 .7215 10 12 14.0 1 12
1 1944 0 3 42 12  1.7490  2.30 1999 44 12  7.8039 20610 .6915  7  3 14.0 0  8
1  690 0 1 34 12  1.1594  2.25 1824 36 13  7.6754 14800 .7215 10  7  7.5 1 16
1  608 0 2 45 17  6.9901  3.00 2182 47 16 15.5820 40005 .5515 10 14 14.0 1 10
1   63 1 2 35 16  3.9683  0.00 2385 37 16  9.6436 23750 .6615 14  7 14.0 1  7
1  154 0 0 40 16 21.4290  8.13 2460 44 17 12.8860 35300 .5515  7 12 14.0 1 19
1  420 0 1 32 12  0.4762  2.85 2595 35 16  6.5511 17350 .6915 12 12  7.5 1  2
1  651 0 0 54  9  2.1505  1.44 2400 57 10  8.2500 21650 .6615  7  7  7.5 1  9
1  675 0 3 38 12  1.8578  2.20 3120 42  8  1.3792  6740 .7915  7  7 14.0 0 14
1 1663 0 3 43 12  4.3295  3.60 2850 42 12  5.2632 32275 .6915 12 14  5.0 1  9
1 1680 0 0 54 16  8.9286  7.00  760 60 12 10.5260 33220 .7200 14  7  9.5 1 16
1  180 0 3 39 14  2.7778  4.00 2500 37 17 10.0000 26500 .6215 12 12  7.5 1  7
1 1581 0 1 37 12  2.6565  3.25 2630 39 14 12.5480 38700 .5215  7 12  5.0 1  6
1 1200 0 2 46 12  2.5000  3.08 2597 48  8  4.6207 15400 .7215  7  7  5.0 1 22
1  450 0 0 56 11 18.2670  0.00 2760 60 11  1.8540 19007 .6915  7  7  3.0 0  9
1  547 0 3 41 12  0.8190  2.00 2070 44  8  7.4266 16771 .7215 12  7  7.5 0  9
1  300 0 1 45 16  2.0000  0.00 2256 48 16 13.2980 31100 .5815 16  7 11.0 1 14
1  975 0 1 44 17 15.3850  8.50 1505 47 16 26.5780 66300 .5000  3  3  7.5 1 17
1 1621 0 1 50 17  6.4775  0.00 2364 52 17 13.9590 43550 .4915 16 12  5.0 0 12
1  300 0 5 37 14  8.3333  3.50 2895 38 14 13.1260 37250 .6215  7  7 11.0 0 13
1 1868 0 1 44 12  4.5503  4.25 2041 46 12  7.8883 24900 .6615 16  7 14.0 0  8
1 1803 0 2 32 14  2.4958  1.90 2195 34 17  8.6560 24200 .6615  7 14  9.5 1 10
1 2143 1 1 34 12  4.4797  4.80 1935 40 12  3.4109 16200 .7215 10 10 14.0 0 16
1 1080 0 2 32 10  2.2324  2.30 1950 35 10  4.6256 11431 .7515 10 10  7.5 0  1
1 1352 0 3 37 12  2.0710  1.80 2375 38 14  4.2105 13200 .7515 10 10 11.0 0  6
1  537 0 1 44 13  1.6760  0.00 1920 55  8  4.2708 15420 .7715 10 10  9.0 1  4
1  352 0 2 34 16  3.4091  0.00 3300 33 12  3.3424 18400 .6915 12 12 14.0 0  8
1  200 1 3 33 12  2.5000  8.00 3680 33 16  8.6359 43500 .4915 10  3  5.0 1  4
1 2045 0 3 43  7  3.9609  4.07 1968 43 12  6.7581 21972 .6915  7  7  7.5 1 15
1 1253 0 2 35 16  6.2275  3.97 2504 33 10  0.5843  7774 .7715 16 16 11.0 0  7
1 1960 0 1 43 14  3.9286  3.85 2000 45 14  5.3350 24470 .6915  7  7  7.5 0 14
1 2000 0 0 34 12  2.9000  2.50 1656 37 12  4.7101 13600 .7215  7  7  7.5 0 16
1 1960 0 3 36 10  4.0816  4.55 1968 39  7  4.9797 22500 .7215  7  0  7.5 0 15
1 2000 0 2 41 12  2.8500  4.20 2016 41 12  2.9762 13600 .7215  7  7 14.0 0 23
1 1568 0 0 41 16  7.0153  6.31 2602 44 17 12.7440 90800 .4415  7  7  7.5 0 19
1 1225 0 3 35 10  2.9388  2.40 1560 43  9  3.8462 10776 .7515 10 10  7.5 0  4
1  780 1 3 32 12  1.9231  3.25 1827 37 10  7.2233 19007 .7515 10  7  5.0 1 12
1  480 0 0 30 14  6.8750  0.00 2080 34 14  8.8077 23900 .6615 12 12 14.0 1 12
1 1923 0 0 43 12  3.9002  4.74 3390 47 12  5.3864 26060 .6215  7  7  7.5 1 25
1 2000 0 0 54  6  2.0000  0.00 2524 57  6  3.6846 13300 .7215  7  7  7.5 0 14
1 2110 0 2 35 15  4.9763  4.37 2777 34 12  1.8437 15620 .7215  7  7  7.5 0 14
1 1664 0 0 50 12  1.2019  5.00 3120 54 13  1.3013 16500 .7215  7  7  7.5 0 11
1   48 1 1 34 17 22.5000  0.00 2700 36 17  7.2222 20880 .6915 14 16  5.0 1  7
1 1791 0 0 52 14  6.8677  6.18 1904 57 12  7.3529 30600 .6615 14 12  9.5 1 18
1 1404 0 3 35 13  3.5613  5.30 2360 38 14 11.8640 39000 .6215  7 10  9.0 1  4
1 1920 0 0 55  6  1.9792  2.58 1960 58  8  5.3327 15428 .7215  7  7  7.5 0 37
1 2141 0 0 35 16  5.3713  6.00 2000 42 16  5.5000 23300 .6615  7  7  7.5 0 13
1 1720 0 1 49 14  1.7442  0.00 2600 45 16  7.2308 42100 .5215 16 16  9.5 1 14
1 3533 2 2 38 15  5.0948  8.50 2000 38  9  7.0000 36430 .6400 12  7  9.5 1 17
1 2000 0 2 42 14  2.5000  0.00 2218 45 14  7.2137 26000 .6915  7  7  9.5 1  5
1  800 0 1 48  8  3.8250  2.30 2000 52  5  4.5000 62060 .7515  7  7  7.5 0  2
1 3000 0 0 51 14  1.0000  0.00 2595 53 16  8.8632 28300 .6215 12 12  9.5 1  0
1  293 0 2 43 12  3.0717  4.00 2400 47 12  9.3333 24149 .6615 12 10  7.5 1  3
1 1872 0 1 43 12  1.7163  0.00 2856 48 12  3.8263 28141 .6615 12 10  7.5 1 21
1 2058 0 1 38 12  4.0209  4.00 2601 38 14  5.4448 23057 .6615 10 10  7.5 1 20
1 1832 0 1 44 12  5.4585  4.95 2054 48  9  8.7634 28900 .6215  3  7  7.5 1 19
1  120 1 3 36 12 25.0000  9.98 2500 35 12  8.4000 24000 .6615 12 10  9.5 1  4
1 1632 0 0 38 12  2.3897  2.30 1960 31 12  5.1020 13900 .7215 12 12  7.5 0 19
1  778 0 0 47  8  3.2134  7.25 2058 51  8  7.4101 31810 .6915 12 12  5.0 1 11
1 1984 0 2 34 12  3.3770  3.14 2410 49 10  5.3527 19840 .6915  7  7  7.5 0 14
1  225 1 2 40 17  1.7778  0.00 1278 38 17 19.5620 25490 .6615 16 17 14.0 1  8
1 1960 0 1 31 12  3.1633  3.18 2875 35 12  5.0783 20800 .6915 12 12  7.5 0 13
1  444 0 0 46 12  2.7027  0.00 2340 49 12  0.5128  2400 .8015 10 16  7.5 1 24
1  384 0 3 36 14  1.6927  0.00 3060 43 17  5.4020 32650 .5815 10 10 14.0 1  1
1 1170 1 2 39 13  0.2137  0.00 1920 47 12  7.8646 16370 .7215 12 16 11.0 1  1
1 1330 0 2 36 17  6.7669  4.50 3390 38 12  6.0531 35500 .5515  7  7 14.0 0  3
1 1350 0 4 37  8  1.7407  2.10 2400 41 12  5.0000 15100 .7515  7  7  3.0 0  4
1  480 0 4 39 12  2.5000  0.00 1640 40 11  7.6829 14100 .7515  7  9  3.0 0 21
1 1984 1 3 36 11  4.4859  3.26 1656 38  8  6.0386 19600 .7215  7  3 14.0 0 10
1 1944 0 2 49 12  2.5720  2.70 1920 53 16  5.8510 19434 .7215  7  7  5.0 1 13
1   50 1 1 45 12  3.4600  5.00 1780 46 10  6.7416 23882 .7215  7  7  9.5 1  9
1  460 2 0 32 17  4.7826  0.00 1850 31 17  8.1081 17300 .7215  7  7  7.5 0 14
1  680 0 5 36 10  2.3118  0.00 3430 43 12  5.3061 19772 .7215  7  7  7.5 0  2
1 2450 0 1 40 12  5.3061  6.50 2008 40  8  7.2709 35641 .6215  7  7  5.0 1 21
1 2144 0 2 43 13  5.8675  0.00 2140 43 11  8.1776 34220 .5815  7  7  7.5 1 22
1 1760 0 1 33 12  3.4091  3.21 3380 34 12  7.1006 30000 .5815 12 16 11.0 1 14
1  490 0 1 30 12  4.0816  2.46 2430 33 11  6.5844 18000 .6915 12 12  7.5 1  7
